eval_loss = 0.00044759428197447675
eval_precision = 0.9988042484349722
eval_recall = 0.9991556431184914
eval_f1 = 0.9989799148756551
epoch = 20.0
