eval_loss = 0.0003794192047004579
eval_precision = 0.999120984497363
eval_recall = 0.9996801790997042
eval_f1 = 0.9994005035769954
epoch = 20.0
