eval_loss = 0.0003216232268886766
eval_precision = 0.9987925945800912
eval_recall = 0.9992617945104355
eval_f1 = 0.9990271394545271
epoch = 20.0
