eval_loss = 0.0001307368327381682
eval_precision = 0.9995386035066134
eval_recall = 0.9996923550223042
eval_f1 = 0.9996154733523034
epoch = 20.0
